CALL_TYPE=GENERATE_VELOCITY_MOD
MODEL_VERSION=2.06
OUTPUT_DIR=/scale_wlg_nobackup/filesets/nobackup/nesi00213/RunFolder/Cybershake/v21p6/Data/VMs/WhiteCk/_tmp_WhiteCk_REL01_427ezk4a/output
ORIGIN_LAT=-41.988346789977534
ORIGIN_LON=173.07150169421794
ORIGIN_ROT=38.458468737709666
EXTENT_X=288.90000000000003
EXTENT_Y=481.20000000000005
EXTENT_ZMAX=49.0
EXTENT_ZMIN=0.0
EXTENT_Z_SPACING=0.1
EXTENT_LATLON_SPACING=0.1
MIN_VS=0.5
TOPO_TYPE=BULLDOZED
