CALL_TYPE=GENERATE_VELOCITY_MOD
MODEL_VERSION=2.06
OUTPUT_DIR=/scale_wlg_nobackup/filesets/nobackup/nesi00213/RunFolder/Cybershake/v23p5/Data/VMs/Hanmer/_tmp_Hanmer_i2ydm9wp/output
ORIGIN_LAT=-42.511697468768375
ORIGIN_LON=172.74582820833194
ORIGIN_ROT=37.06980790979436
EXTENT_X=140.70000000000002
EXTENT_Y=166.20000000000002
EXTENT_ZMAX=44.0
EXTENT_ZMIN=0.0
EXTENT_Z_SPACING=0.1
EXTENT_LATLON_SPACING=0.1
MIN_VS=0.5
TOPO_TYPE=BULLDOZED
